2024-03-27 16:50:39.294 I main: /opt/saw_v6.1.0_software/pipeline/count/bin/Bam2Gem inputBamFiles: /xdisk/mliang1/qqiu/project/multiomics-hypertension/stereo_seq/result/954BR_F4/00.mapping/01.SS200000954BR_F4.Q4_SE.Aligned.sortedByCoord.out.bam /xdisk/mliang1/qqiu/project/multiomics-hypertension/stereo_seq/result/954BR_F4/00.mapping/02.SS200000954BR_F4.Q4_SE.Aligned.sortedByCoord.out.bam /xdisk/mliang1/qqiu/project/multiomics-hypertension/stereo_seq/result/954BR_F4/00.mapping/03.SS200000954BR_F4.Q4_SE.Aligned.sortedByCoord.out.bam /xdisk/mliang1/qqiu/project/multiomics-hypertension/stereo_seq/result/954BR_F4/00.mapping/04.SS200000954BR_F4.Q4_SE.Aligned.sortedByCoord.out.bam /xdisk/mliang1/qqiu/project/multiomics-hypertension/stereo_seq/result/954BR_F4/00.mapping/05.SS200000954BR_F4.Q4_SE.Aligned.sortedByCoord.out.bam /xdisk/mliang1/qqiu/project/multiomics-hypertension/stereo_seq/result/954BR_F4/00.mapping/06.SS200000954BR_F4.Q4_SE.Aligned.sortedByCoord.out.bam /xdisk/mliang1/qqiu/project/multiomics-hypertension/stereo_seq/result/954BR_F4/00.mapping/07.SS200000954BR_F4.Q4_SE.Aligned.sortedByCoord.out.bam /xdisk/mliang1/qqiu/project/multiomics-hypertension/stereo_seq/result/954BR_F4/00.mapping/08.SS200000954BR_F4.Q4_SE.Aligned.sortedByCoord.out.bam /xdisk/mliang1/qqiu/project/multiomics-hypertension/stereo_seq/result/954BR_F4/00.mapping/09.SS200000954BR_F4.Q4_SE.Aligned.sortedByCoord.out.bam /xdisk/mliang1/qqiu/project/multiomics-hypertension/stereo_seq/result/954BR_F4/00.mapping/10.SS200000954BR_F4.Q4_SE.Aligned.sortedByCoord.out.bam /xdisk/mliang1/qqiu/project/multiomics-hypertension/stereo_seq/result/954BR_F4/00.mapping/11.SS200000954BR_F4.Q4_SE.Aligned.sortedByCoord.out.bam /xdisk/mliang1/qqiu/project/multiomics-hypertension/stereo_seq/result/954BR_F4/00.mapping/12.SS200000954BR_F4.Q4_SE.Aligned.sortedByCoord.out.bam /xdisk/mliang1/qqiu/project/multiomics-hypertension/stereo_seq/result/954BR_F4/00.mapping/13.SS200000954BR_F4.Q4_SE.Aligned.sortedByCoord.out.bam /xdisk/mliang1/qqiu/project/multiomics-hypertension/stereo_seq/result/954BR_F4/00.mapping/14.SS200000954BR_F4.Q4_SE.Aligned.sortedByCoord.out.bam /xdisk/mliang1/qqiu/project/multiomics-hypertension/stereo_seq/result/954BR_F4/00.mapping/15.SS200000954BR_F4.Q4_SE.Aligned.sortedByCoord.out.bam /xdisk/mliang1/qqiu/project/multiomics-hypertension/stereo_seq/result/954BR_F4/00.mapping/16.SS200000954BR_F4.Q4_SE.Aligned.sortedByCoord.out.bam geneAnnotationFile: /xdisk/mliang1/qqiu/reference/SAW/rn7/genes/genes.gtf outputBamFile: /xdisk/mliang1/qqiu/project/multiomics-hypertension/stereo_seq/result/954BR_F4/02.count/SS200000954BR_F4.Aligned.sortedByCoord.out.merge.q10.dedup.target.bam outputExpFile: /xdisk/mliang1/qqiu/project/multiomics-hypertension/stereo_seq/result/954BR_F4/02.count/SS200000954BR_F4.raw.gef outputMetricsFile: /xdisk/mliang1/qqiu/project/multiomics-hypertension/stereo_seq/result/954BR_F4/02.count/SS200000954BR_F4.Aligned.sortedByCoord.out.merge.q10.dedup.target.bam.summary.stat outputSatFile: /xdisk/mliang1/qqiu/project/multiomics-hypertension/stereo_seq/result/954BR_F4/02.count/SS200000954BR_F4_raw_barcode_gene_exp.txt saveLowQualReads: true saveDupReads: true umiPara.enable: true umiPara.minUmiNum: 5 umiPara.mismatch: 1 umiPara.len: 10 coreNum: 16 mapQualThre: 10 memoryGB: 128 sn: SS200000954BR_F4 multiMap: false
2024-03-27 16:50:39.294 D process: assign threads, read bam: 4 write bam: 6 annotation: 2 umi correction: 2
2024-03-27 16:50:40.846 D process: Bam contigs num:23
2024-03-27 16:50:40.846 D process: reads buffer size: 287500000 buffer memory(GB): 115
2024-03-27 16:50:54.539 I gtf: read     100000 valid GTF records. Last read position: 1:202405761
2024-03-27 16:50:55.636 I gtf: read     200000 valid GTF records. Last read position: 2:175564797
2024-03-27 16:50:56.730 I gtf: read     300000 valid GTF records. Last read position: 3:64561038
2024-03-27 16:50:57.820 I gtf: read     400000 valid GTF records. Last read position: 5:56064750
2024-03-27 16:50:59.033 I gtf: read     500000 valid GTF records. Last read position: 6:102961276
2024-03-27 16:51:00.116 I gtf: read     600000 valid GTF records. Last read position: 7:75722328
2024-03-27 16:51:01.190 I gtf: read     700000 valid GTF records. Last read position: 9:705750
2024-03-27 16:51:02.272 I gtf: read     800000 valid GTF records. Last read position: 10:49847233
2024-03-27 16:51:03.341 I gtf: read     900000 valid GTF records. Last read position: 14:2857161
2024-03-27 16:51:04.433 I gtf: read    1000000 valid GTF records. Last read position: 11:62320493
2024-03-27 16:51:05.509 I gtf: read    1100000 valid GTF records. Last read position: 19:9345934
2024-03-27 16:51:06.465 I process: loadGTFFile time(s):13
2024-03-27 16:51:06.473 W process: Strand disagreement for gene Mafk -- skipping
2024-03-27 16:51:06.479 W process: Strand disagreement for gene Sry3 -- skipping
2024-03-27 16:51:06.483 W process: Strand disagreement for gene Tspyl1 -- skipping
2024-03-27 16:51:06.483 W process: Strand disagreement for gene Olr1730 -- skipping
2024-03-27 16:51:06.512 W process: Strand disagreement for gene Defb12 -- skipping
2024-03-27 16:51:06.513 W process: Strand disagreement for gene RGD1562641 -- skipping
2024-03-27 16:51:06.528 W process: Strand disagreement for gene Hist1h2bq -- skipping
2024-03-27 16:51:06.529 W process: Strand disagreement for gene Olr1654 -- skipping
2024-03-27 16:51:06.552 W process: Strand disagreement for gene Gbp6 -- skipping
2024-03-27 16:51:06.573 W process: Strand disagreement for gene Pcdh7 -- skipping
2024-03-27 16:51:06.580 W process: Strand disagreement for gene MGC105649 -- skipping
2024-03-27 16:51:06.608 W process: Strand disagreement for gene Y_RNA -- skipping
2024-03-27 16:51:06.617 W process: Strand disagreement for gene Atp5mc1 -- skipping
2024-03-27 16:51:06.623 W process: Strand disagreement for gene Lcn1 -- skipping
2024-03-27 16:51:06.634 W process: Strand disagreement for gene SNORA73 -- skipping
2024-03-27 16:51:06.635 W process: Strand disagreement for gene Sumo3 -- skipping
2024-03-27 16:51:06.643 W process: Strand disagreement for gene Tuba3b -- skipping
2024-03-27 16:51:06.650 W process: Strand disagreement for gene Gnrh1 -- skipping
2024-03-27 16:51:06.662 W process: Strand disagreement for gene Necab1 -- skipping
2024-03-27 16:51:06.666 W process: Strand disagreement for gene Samd8 -- skipping
2024-03-27 16:51:06.675 W process: Strand disagreement for gene U2 -- skipping
2024-03-27 16:51:06.684 W process: Strand disagreement for gene Sub1 -- skipping
2024-03-27 16:51:06.684 W process: Strand disagreement for gene Vom2r8 -- skipping
2024-03-27 16:51:06.684 W process: Strand disagreement for gene SNORA72 -- skipping
2024-03-27 16:51:06.687 W process: Strand disagreement for gene SNORA71 -- skipping
2024-03-27 16:51:06.694 W process: Strand disagreement for gene SNORA70 -- skipping
2024-03-27 16:51:06.698 W process: Strand disagreement for gene Tcte1 -- skipping
2024-03-27 16:51:06.699 W process: Strand disagreement for gene Sdhaf1 -- skipping
2024-03-27 16:51:06.701 W process: Strand disagreement for gene Vom2r80 -- skipping
2024-03-27 16:51:06.706 W process: Strand disagreement for gene Selenow -- skipping
2024-03-27 16:51:06.707 W process: Strand disagreement for gene Vom2r31 -- skipping
2024-03-27 16:51:06.730 W process: Strand disagreement for gene U1 -- skipping
2024-03-27 16:51:06.734 W process: Strand disagreement for gene Olr1542 -- skipping
2024-03-27 16:51:06.739 W process: Strand disagreement for gene RNaseP_nuc -- skipping
2024-03-27 16:51:06.742 W process: Strand disagreement for gene RGD1560718 -- skipping
2024-03-27 16:51:06.755 W process: Strand disagreement for gene U7 -- skipping
2024-03-27 16:51:06.759 W process: Strand disagreement for gene Vom2r26 -- skipping
2024-03-27 16:51:06.762 W process: Strand disagreement for gene 5S_rRNA -- skipping
2024-03-27 16:51:06.763 W process: Strand disagreement for gene U5 -- skipping
2024-03-27 16:51:06.765 W process: Strand disagreement for gene Ces2g -- skipping
2024-03-27 16:51:06.774 W process: Strand disagreement for gene Fam181b -- skipping
2024-03-27 16:51:06.776 W process: Strand disagreement for gene Smptb -- skipping
2024-03-27 16:51:06.777 W process: Strand disagreement for gene Vom2r33 -- skipping
2024-03-27 16:51:06.799 W process: Strand disagreement for gene Vom2r11 -- skipping
2024-03-27 16:51:06.804 W process: Strand disagreement for gene Prp15 -- skipping
2024-03-27 16:51:06.809 W process: Strand disagreement for gene Cesl1 -- skipping
2024-03-27 16:51:06.821 W process: Strand disagreement for gene Klk15 -- skipping
2024-03-27 16:51:06.825 W process: Strand disagreement for gene U6 -- skipping
2024-03-27 16:51:06.844 W process: Strand disagreement for gene Foxq1 -- skipping
2024-03-27 16:51:06.853 W process: Strand disagreement for gene Fpr-rs4 -- skipping
2024-03-27 16:51:06.860 W process: Strand disagreement for gene Ufm1 -- skipping
2024-03-27 16:51:06.864 W process: Strand disagreement for gene Metazoa_SRP -- skipping
2024-03-27 16:51:06.876 W process: Strand disagreement for gene Hist2h3c2 -- skipping
2024-03-27 16:51:06.880 W process: Strand disagreement for gene U4 -- skipping
2024-03-27 16:51:06.885 W process: Strand disagreement for gene Smim10l1 -- skipping
2024-03-27 16:51:06.887 W process: Strand disagreement for gene Pdrg1 -- skipping
2024-03-27 16:51:06.892 W process: Strand disagreement for gene Oog1 -- skipping
2024-03-27 16:51:06.893 W process: Strand disagreement for gene Tmem125 -- skipping
2024-03-27 16:51:06.900 W process: Strand disagreement for gene Tmem14a -- skipping
2024-03-27 16:51:06.904 W process: Strand disagreement for gene Rps6 -- skipping
2024-03-27 16:51:06.947 W process: Strand disagreement for gene Urm1 -- skipping
2024-03-27 16:51:06.965 W process: Strand disagreement for gene U3 -- skipping
2024-03-27 16:51:06.997 W process: Strand disagreement for gene Ube2i -- skipping
2024-03-27 16:51:07.008 W process: Strand disagreement for gene RGD1560860 -- skipping
2024-03-27 16:51:07.010 W process: Strand disagreement for gene Rhox9 -- skipping
2024-03-27 16:51:07.023 W process: Strand disagreement for gene Sslp1 -- skipping
2024-03-27 16:51:07.026 W process: Strand disagreement for gene Olr1326 -- skipping
2024-03-27 16:51:07.028 W process: Strand disagreement for gene Arpp19 -- skipping
2024-03-27 16:51:07.033 W process: Strand disagreement for gene Olr1142 -- skipping
2024-03-27 16:51:07.036 W process: Strand disagreement for gene Zfp951 -- skipping
2024-03-27 16:51:07.056 W process: Strand disagreement for gene Cdc45 -- skipping
2024-03-27 16:51:07.060 W process: Strand disagreement for gene 5_8S_rRNA -- skipping
2024-03-27 16:51:07.075 W process: Strand disagreement for gene Olr190 -- skipping
2024-03-27 16:51:07.100 W process: Strand disagreement for gene Tceal3 -- skipping
2024-03-27 16:51:07.113 I process: makeOverlapDetector time(s):0
2024-03-27 16:51:07.113 I process: Gene count:21208
2024-03-27 16:51:07.233 I process: Using threads num:16
2024-03-27 16:51:07.339 D process: start anno thread: 1
2024-03-27 16:51:07.339 D process: start anno thread: 0
2024-03-27 16:51:07.357 D process: SamWriter init
2024-03-27 16:52:40.846 D process: read contig: 1 total reads: 126892275 line number: 144425508 time(s): 93
2024-03-27 16:53:18.317 D process: read contig: 2 total reads: 184838786 line number: 213928193 time(s): 37
2024-03-27 16:56:17.539 D process: find blocked. pointer IO 185075634 185075634
2024-03-27 16:56:17.539 D process: unblock 3_AABR07053236.1 read status 2
2024-03-27 16:56:17.540 D process: gene 3_AABR07053236.1 store correction data in memory
2024-03-27 17:25:54.552 D process: gene 3_AABR07053236.1 retrieve correction data
2024-03-27 17:27:34.366 D process: read contig: 3 total reads: 1698435570 line number: 1762361812 time(s): 2056
2024-03-27 17:29:35.204 D process: read contig: 4 total reads: 1765761042 line number: 1838993767 time(s): 120
2024-03-27 17:31:14.009 D process: read contig: 5 total reads: 1836074984 line number: 1935127741 time(s): 98
2024-03-27 17:32:04.732 D process: read contig: 6 total reads: 1875284863 line number: 1981679482 time(s): 50
2024-03-27 17:33:56.215 D process: read contig: 7 total reads: 1948473392 line number: 2061251884 time(s): 111
2024-03-27 17:35:22.379 D process: read contig: 8 total reads: 2008780679 line number: 2131958894 time(s): 86
2024-03-27 17:36:21.987 D process: read contig: 9 total reads: 2049033172 line number: 2184574737 time(s): 59
2024-03-27 17:38:08.327 D process: read contig: 10 total reads: 2124431389 line number: 2269461810 time(s): 106
2024-03-27 17:38:37.917 D process: read contig: 11 total reads: 2146282627 line number: 2296222617 time(s): 29
2024-03-27 17:39:19.883 D process: read contig: 12 total reads: 2176624183 line number: 2330729327 time(s): 41
2024-03-27 17:39:58.722 D process: read contig: 13 total reads: 2203945394 line number: 2363294467 time(s): 38
2024-03-27 17:40:42.895 D process: read contig: 14 total reads: 2234960078 line number: 2400008370 time(s): 44
2024-03-27 17:41:21.276 D process: read contig: 15 total reads: 2261241343 line number: 2428571983 time(s): 38
2024-03-27 17:41:55.438 D process: read contig: 16 total reads: 2286274307 line number: 2469365374 time(s): 34
2024-03-27 17:42:26.925 D process: read contig: 17 total reads: 2307789618 line number: 2498306939 time(s): 31
2024-03-27 17:42:58.963 D process: read contig: 18 total reads: 2330900882 line number: 2526841230 time(s): 32
2024-03-27 17:43:33.027 D process: read contig: 19 total reads: 2355466955 line number: 2553521382 time(s): 34
2024-03-27 17:44:29.741 D process: read contig: 20 total reads: 2395516166 line number: 2603158401 time(s): 56
2024-03-27 17:45:02.115 D process: read contig: X total reads: 2418547987 line number: 2634024762 time(s): 32
2024-03-27 17:45:02.697 D process: read contig: Y total reads: 2418976811 line number: 2634604335 time(s): 0
2024-03-27 17:47:35.096 D process: read contig: MT total reads: 2528761085 line number: 2744598460 time(s): 152
2024-03-27 17:47:35.105 D process: read total reads: 2528761085 line number: 2744598460 time(s): 3387
2024-03-27 17:47:35.152 D process: prepare total reads: 1264380543 time(s): 3387
2024-03-27 17:47:35.153 D process: prepare total reads: 1264380542 time(s): 3387
2024-03-27 17:47:39.062 D process: uniq reads: 62072002 time(s): 3391
2024-03-27 17:47:39.064 D process: filterted reads: 2398606234 annotated reads: 790642942 time(s): 3391
2024-03-27 17:54:14.811 D process: write total reads: 2528761085 time(s): 3787
2024-03-27 17:54:14.812 I process: Total reads:2528761085 Pass filter reads:2398606234 Annotated reads:790642942 Unique reads:62072002
2024-03-27 17:54:14.812 I process: Failed filter rate:5.15%
2024-03-27 17:54:14.812 I process: Failed annotate rate:67.04%
2024-03-27 17:54:14.812 I process: Duplication rate:92.15%
2024-03-27 17:54:14.828 I process: Success dump metrics file: /xdisk/mliang1/qqiu/project/multiomics-hypertension/stereo_seq/result/954BR_F4/02.count/SS200000954BR_F4.Aligned.sortedByCoord.out.merge.q10.dedup.target.bam.summary.stat
2024-03-27 17:54:16.028 D process: memory(GB) after process: 111.351
2024-03-27 17:54:33.086 I main: Bam2Gem done. Elapsed time(s):3833
